! Voltage (Volts),Current (Amps),|Current| (Amps),ln(|Current|) (Amps)
-2,-0.00114409,0.00114409,-6.7731457177903
-1.98,-0.001240634,0.001240634,-6.692132739707
-1.96,-0.00125482,0.00125482,-6.6807631429797
-1.94,-0.001252512,0.001252512,-6.6826041442128
-1.92,-0.001240785,0.001240785,-6.6920110351499
-1.9,-0.001227976,0.001227976,-6.7023879934221
-1.88,-0.001212955,0.001212955,-6.7146957478123
-1.86,-0.001196884,0.001196884,-6.7280337660413
-1.84,-0.001179,0.001179,-6.7430886574269
-1.82,-0.001163953,0.001163953,-6.755933308495
-1.8,-0.001146395,0.001146395,-6.7711330429392
-1.78,-0.001134576,0.001134576,-6.7814962661247
-1.76,-0.001097085,0.001097085,-6.8150986166434
-1.74,-0.001097488,0.001097488,-6.8147313470155
-1.72,-0.001080915,0.001080915,-6.829947374314
-1.7,-0.001063233,0.001063233,-6.8464410126722
-1.68,-0.001044916,0.001044916,-6.8638187795714
-1.66,-0.001028217,0.001028217,-6.8799290447313
-1.64,-0.00101034,0.00101034,-6.897468371114
-1.62,-0.0009924135,0.0009924135,-6.9153707028534
-1.6,-0.000975286,0.000975286,-6.9327797966469
-1.58,-0.0009581073,0.0009581073,-6.95055078209
-1.56,-0.0009411679,0.0009411679,-6.96838900709
-1.54,-0.0009239658,0.0009239658,-6.9868354999946
-1.52,-0.0009070795,0.0009070795,-7.0052804600916
-1.5,-0.0008904833,0.0008904833,-7.0237462089197
-1.48,-0.0008740061,0.0008740061,-7.0424232029281
-1.46,-0.0008575202,0.0008575202,-7.0614658223503
-1.44,-0.0008412173,0.0008412173,-7.0806605484889
-1.42,-0.0008250438,0.0008250438,-7.1000740821298
-1.4,-0.0008090597,0.0008090597,-7.1196378488201
-1.38,-0.0007930241,0.0007930241,-7.1396569458707
-1.36,-0.0007771915,0.0007771915,-7.1598237772166
-1.34,-0.00076153,0.00076153,-7.180180990476
-1.32,-0.0007457679,0.0007457679,-7.2010961321756
-1.3,-0.0007303692,0.0007303692,-7.2219603982473
-1.28,-0.0007149713,0.0007149713,-7.243268155936
-1.26,-0.000699883,0.000699883,-7.2645973797479
-1.24,-0.0006847113,0.0006847113,-7.2865132683952
-1.22,-0.0006696097,0.0006696097,-7.3088155526335
-1.2,-0.0006548766,0.0006548766,-7.3310637370245
-1.18,-0.0006401571,0.0006401571,-7.3537969429831
-1.16,-0.000625596,0.000625596,-7.3768057626155
-1.14,-0.0006110847,0.0006110847,-7.4002749831957
-1.12,-0.0005966162,0.0005966162,-7.4242365323803
-1.1,-0.0005824207,0.0005824207,-7.448317519131
-1.08,-0.0005681133,0.0005681133,-7.473189687304
-1.06,-0.0005538921,0.0005538921,-7.4985406555292
-1.04,-0.0005398265,0.0005398265,-7.524262766329
-1.02,-0.0005258863,0.0005258863,-7.5504255282883
-1,-0.0005120108,0.0005120108,-7.5771648393972
-0.98,-0.0004982071,0.0004982071,-7.604494703933
-0.96,-0.0004844968,0.0004844968,-7.6323997314024
-0.94,-0.0004708641,0.0004708641,-7.6609410406139
-0.92,-0.0004573388,0.0004573388,-7.6900860850652
-0.9,-0.0004437859,0.0004437859,-7.7201683190385
-0.88,-0.0004303162,0.0004303162,-7.7509902706759
-0.86,-0.000417006,0.000417006,-7.7824099477798
-0.84,-0.0004036535,0.0004036535,-7.8149537212826
-0.82,-0.0003903322,0.0003903322,-7.8485123865402
-0.8,-0.0003770227,0.0003770227,-7.8832051601274
-0.78,-0.0003637769,0.0003637769,-7.9189697903228
-0.76,-0.0003506039,0.0003506039,-7.9558534617512
-0.74,-0.0003374187,0.0003374187,-7.994185965559
-0.72,-0.0003242877,0.0003242877,-8.0338794732149
-0.7,-0.0003111955,0.0003111955,-8.0750892259188
-0.68,-0.0002982019,0.0002982019,-8.1177397840912
-0.66,-0.0002852608,0.0002852608,-8.1621067084138
-0.64,-0.0002723181,0.0002723181,-8.2085396896894
-0.62,-0.0002593868,0.0002593868,-8.2571901740382
-0.6,-0.0002465078,0.0002465078,-8.3081169219801
-0.58,-0.0002337374,0.0002337374,-8.3613122949917
-0.56,-0.0002209626,0.0002209626,-8.4175171015369
-0.54,-0.0002082568,0.0002082568,-8.4767386243892
-0.52,-0.0001956058,0.0001956058,-8.5394091484514
-0.5,-0.0001831307,0.0001831307,-8.6053104523975
-0.48,-0.000170751,0.000170751,-8.6753042030152
-0.46,-0.0001585651,0.0001585651,-8.7493453234195
-0.44,-0.0001466331,0.0001466331,-8.8275770095497
-0.42,-0.0001349782,0.0001349782,-8.9103972740469
-0.4,-0.0001236919,0.0001236919,-8.9977167617122
-0.38,-0.0001128902,0.0001128902,-9.0890948930563
-0.36,-0.0001026239,0.0001026239,-9.1844397088849
-0.34,-0.00009305443,9.305443E-5,-9.2823259671968
-0.32,-0.00008425218,8.425218E-5,-9.3816961136956
-0.3,-0.00007627865,7.627865E-5,-9.4811174753436
-0.28,-0.00006907016,6.907016E-5,-9.5803877583756
-0.26,-0.00006253858,6.253858E-5,-9.6797269116609
-0.24,-0.00005654438,5.654438E-5,-9.7804847414195
-0.22,-0.000050941,5.0941E-5,-9.8848424576673
-0.2,-0.00004563695,4.563695E-5,-9.9947928625479
-0.18,-0.00004053341,4.053341E-5,-10.113383985655
-0.16,-0.00003558987,3.558987E-5,-10.24344951116
-0.14,-0.00003077127,3.077127E-5,-10.388929095514
-0.12,-0.0000260588,2.60588E-5,-10.55515503491
-0.1,-0.00002145459,2.145459E-5,-10.749571949468
-0.08,-0.00001695616,1.695616E-5,-10.984879368331
-0.06,-0.00001255989,1.255989E-5,-11.285002154924
-0.04,-0.000008273166,8.273166E-6,-11.702493292685
-0.02,-0.000004094528,4.094528E-6,-12.405859109818
0,-0.00000002835053,2.835053E-8,-17.378620112062
0.02,0.000003928507,3.928507E-6,-12.447251102482
0.04,0.000007759113,7.759113E-6,-11.766642534426
0.06,0.0000114664,1.14664E-5,-11.376089538337
0.08,0.0000150606,1.50606E-5,-11.103428495749
0.1,0.00001853818,1.853818E-5,-10.895678168772
0.12,0.00002190125,2.190125E-5,-10.728966845145
0.14,0.00002514774,2.514774E-5,-10.590742526291
0.16,0.00002828957,2.828957E-5,-10.473017372484
0.18,0.00003132597,3.132597E-5,-10.371063091979
0.2,0.00003426652,3.426652E-5,-10.281341773776
0.22,0.0000371086,3.71086E-5,-10.201661809284
0.24,0.0000398702,3.98702E-5,-10.129881380281
0.26,0.00004254483,4.254483E-5,-10.06495221444
0.28,0.00004515776,4.515776E-5,-10.00534842133
0.3,0.00004769024,4.769024E-5,-9.9507837931652
0.32,0.00005017487,5.017487E-5,-9.899996254217
0.34,0.00005260622,5.260622E-5,-9.8526761942611
0.36,0.000054991,5.4991E-5,-9.8083410224853
0.38,0.0000573327,5.73327E-5,-9.7666394163916
0.4,0.00005964725,5.964725E-5,-9.7270625127463
0.42,0.00006192746,6.192746E-5,-9.6895468579035
0.44,0.00006418476,6.418476E-5,-9.6537447586258
0.46,0.00006641421,6.641421E-5,-9.6195995183538
0.48,0.0000686414,6.86414E-5,-9.5866147067222
0.5,0.0000708461,7.08461E-5,-9.5550006392142
0.52,0.00007301284,7.301284E-5,-9.5248752418718
0.54,0.00007515632,7.515632E-5,-9.4959403468316
0.56,0.00007731174,7.731174E-5,-9.4676647380943
0.58,0.00007939772,7.939772E-5,-9.4410409054887
0.6,0.00008149572,8.149572E-5,-9.4149600544339
0.62,0.00008358141,8.358141E-5,-9.3896894310222
0.64,0.00008565043,8.565043E-5,-9.3652363127748
0.66,0.00008768692,8.768692E-5,-9.3417378145212
0.68,0.00008971998,8.971998E-5,-9.318817071228
0.7,0.00009173781,9.173781E-5,-9.2965759408918
0.72,0.00009375843,9.375843E-5,-9.2747889771563
0.74,0.00009572593,9.572593E-5,-9.2540213453177
0.76,0.00009770336,9.770336E-5,-9.2335746085141
0.78,0.00009965308,9.965308E-5,-9.2138156036045
0.8,0.0001016438,0.0001016438,-9.1940360133556
0.82,0.0001035468,0.0001035468,-9.1754868735456
0.84,0.000105553,0.000105553,-9.1562973615253
0.86,0.0001074217,0.0001074217,-9.1387483478814
0.88,0.0001092364,0.0001092364,-9.1219962168633
0.9,0.000111129,0.000111129,-9.1048188692775
0.92,0.0001129508,0.0001129508,-9.0885582322954
0.94,0.0001147869,0.0001147869,-9.0724331920883
0.96,0.0001165523,0.0001165523,-9.0571704586575
0.98,0.0001183927,0.0001183927,-9.0415034928205
1,0.0001202005,0.0001202005,-9.026349376138
1.02,0.000121984,0.000121984,-9.0116206693726
1.04,0.0001236802,0.0001236802,-8.9978113560501
1.06,0.0001254735,0.0001254735,-8.9834159770674
1.08,0.0001272091,0.0001272091,-8.9696783687367
1.1,0.0001289845,0.0001289845,-8.9558183158606
1.12,0.000130587,0.000130587,-8.9434708866584
1.14,0.0001323361,0.0001323361,-8.9301656593627
1.16,0.0001341852,0.0001341852,-8.9162896226678
1.18,0.000135813,0.000135813,-8.9042316184082
1.2,0.0001374333,0.0001374333,-8.8923718494614
1.22,0.0001390619,0.0001390619,-8.8805914002198
1.24,0.0001406191,0.0001406191,-8.8694557414413
1.26,0.000142236,0.000142236,-8.8580229080789
1.28,0.0001439354,0.0001439354,-8.8461459701555
1.3,0.0001454053,0.0001454053,-8.83598554236
1.32,0.000146971,0.000146971,-8.8252752695591
1.34,0.0001485303,0.0001485303,-8.8147215801309
1.36,0.0001500957,0.0001500957,-8.8042374673035
1.38,0.0001516732,0.0001516732,-8.7937823516861
1.4,0.0001531845,0.0001531845,-8.783867480711
1.42,0.0001546877,0.0001546877,-8.7741023122728
1.44,0.0001564725,0.0001564725,-8.7626302822743
1.46,0.0001578325,0.0001578325,-8.7539762138512
1.48,0.000159314,0.000159314,-8.7446334604152
1.5,0.0001607852,0.0001607852,-8.7354412452563
1.52,0.0001621528,0.0001621528,-8.7269714573983
1.54,0.0001636854,0.0001636854,-8.7175642651028
1.56,0.0001650871,0.0001650871,-8.7090373445548
1.58,0.0001665337,0.0001665337,-8.700312866622
1.6,0.0001679244,0.0001679244,-8.6919966798414
1.62,0.0001693281,0.0001693281,-8.6836723050433
1.64,0.0001707138,0.0001707138,-8.6755220878463
1.66,0.0001721508,0.0001721508,-8.6671397210805
1.68,0.0001734951,0.0001734951,-8.6593612010511
1.7,0.0001748593,0.0001748593,-8.6515289074221
1.72,0.0001761521,0.0001761521,-8.6441627315904
1.74,0.0001775339,0.0001775339,-8.6363489813688
1.76,0.0001789356,0.0001789356,-8.6284845933949
1.78,0.000180239,0.000180239,-8.6212268100137
1.8,0.0001815469,0.0001815469,-8.6139965354356
1.82,0.0001828618,0.0001828618,-8.6067798816802
1.84,0.000184128,0.000184128,-8.5998793900352
1.86,0.0001854788,0.0001854788,-8.5925699681622
1.88,0.0001867557,0.0001867557,-8.5857092123288
1.9,0.0001880406,0.0001880406,-8.578852661003
1.92,0.0001893316,0.0001893316,-8.5720105828827
1.94,0.0001906093,0.0001906093,-8.5652847746502
1.96,0.0001919742,0.0001919742,-8.5581495699656
1.98,0.0001932296,0.0001932296,-8.5516314388114
2,0.0001943297,0.0001943297,-8.5459543568546
