|Current(A)|,dx/dlnI(V),H(I)
-2.894949e-05,-1.06729939784,-2.09183832311
-2.841206e-05,-1.65564365117,-2.07196267577
-2.807091e-05,-1.62167706488,-2.05204283887
-2.772684e-05,-1.85748660092,-2.032124681
-2.74299e-05,-3.12340262455,-2.01219613321
-2.725482e-05,-1.27448793763,-1.99223862582
-2.683046e-05,-1.3563667467,-1.97234276295
-2.643774e-05,-2.86521838265,-1.95244061371
-2.625384e-05,-1.66427862253,-1.93248693532
-2.594023e-05,-1.68497695032,-1.91256668249
-2.563415e-05,-2.1571359191,-1.89264545005
-2.539758e-05,-1.61137742409,-1.87270697678
-2.50843e-05,-1.78312591987,-1.85278934204
-2.480452e-05,-1.91856949383,-1.83286377397
-2.454729e-05,-2.30413024206,-1.81293295131
-2.433514e-05,-1.42809621109,-1.79299055288
-2.399671e-05,-1.86707147706,-1.77308348885
-2.374103e-05,-2.18457061703,-1.75315457425
-2.352467e-05,-1.47352849162,-1.7332153283
-2.320753e-05,-2.09059321575,-1.71330539885
-2.298657e-05,-1.55459551361,-1.69336888395
-2.269274e-05,-2.25156980778,-1.67345425762
-2.249206e-05,-1.35086233106,-1.65351320383
-2.216151e-05,-1.8646604639,-1.63361145331
-2.192508e-05,-1.99428715246,-1.61368263062
-2.17063e-05,-1.28684041506,-1.59374918148
-2.137155e-05,-2.06902956277,-1.57385231899
-2.116596e-05,-1.90502072904,-1.55391646574
-2.094491e-05,-1.47217323925,-1.53398613507
-2.066229e-05,-1.65696576439,-1.51407628853
-2.041439e-05,-1.3513884718,-1.49415638766
-2.011449e-05,-2.0396591045,-1.47425459889
-1.991822e-05,-1.02336492204,-1.45431966933
-1.953273e-05,-1.43124068365,-1.43444936062
-1.926168e-05,-1.88712406789,-1.41454209242
-1.905862e-05,-1.17890622319,-1.39461242246
-1.873802e-05,-2.04933311363,-1.37472500268
-1.855604e-05,-1.32029987787,-1.35478976595
-1.827707e-05,-1.22955849829,-1.33489028972
-1.798218e-05,-1.4261956287,-1.31499823214
-1.773177e-05,-0.960824374831,-1.29509129196
-1.736649e-05,-1.324677984,-1.27522942493
-1.710626e-05,-1.73864016864,-1.25532961646
-1.691061e-05,-1.13992213713,-1.23540595285
-1.66165e-05,-1.09666646473,-1.21552238319
-1.631621e-05,-1.39147149216,-1.19564340587
-1.608337e-05,-1.49225395612,-1.175738788
-1.586925e-05,-0.874436855478,-1.15582772831
-1.551041e-05,-1.14457764398,-1.13597950773
-1.524174e-05,-1.3486613245,-1.11609546449
-1.501738e-05,-1.07202964798,-1.09619387431
-1.473981e-05,-1.06394659295,-1.07631767827
-1.446532e-05,-0.912320155398,-1.0564424228
-1.415166e-05,-1.1262392216,-1.03658789971
-1.390257e-05,-1.09111950396,-1.01670574458
-1.365006e-05,-0.73606348752,-0.996827382515
-1.328416e-05,-1.03555301393,-0.977007695111
-1.303006e-05,-1.11334793783,-0.957135859982
-1.279808e-05,-0.758655684747,-0.937255069362
-1.24651e-05,-1.16876007507,-0.917430012384
-1.225361e-05,-0.722452890094,-0.897543569924
-1.191904e-05,-0.916433895581,-0.877727279505
-1.166174e-05,-0.751016766161,-0.857872103391
-1.135528e-05,-0.751569385093,-0.838048825835
-1.105709e-05,-0.687801895282,-0.818225418337
-1.07402e-05,-0.781832319492,-0.798418383083
-1.046894e-05,-0.770842149163,-0.778588140095
-1.020081e-05,-0.593386727131,-0.758760317392
-9.862723e-06,-0.675702511018,-0.738983985217
-9.575076e-06,-0.662514932767,-0.719180405262
-9.290343e-06,-0.632524084977,-0.699380735114
-9.001184e-06,-0.640818698362,-0.679590563516
-8.724595e-06,-0.621246159723,-0.659797675947
-8.448194e-06,-0.638150939275,-0.640011313514
-8.187529e-06,-0.538304972473,-0.620219291768
-7.888914e-06,-0.513623064359,-0.600465846277
-7.587631e-06,-0.537698348394,-0.580724248844
-7.310589e-06,-0.45640746181,-0.560971081512
-6.997153e-06,-0.521150206896,-0.54126187763
-6.733713e-06,-0.422508036384,-0.521516548004
-6.42239e-06,-0.422489755342,-0.5018306758
-6.125448e-06,-0.411511782535,-0.482144817188
-5.834862e-06,-0.394632280396,-0.462467338981
-5.546519e-06,-0.32344691616,-0.442803655914
-5.213944e-06,-0.301282081833,-0.423213990691
-4.879065e-06,-0.291119073899,-0.403654513132
-4.555126e-06,-0.262105893404,-0.384110414274
-4.220477e-06,-0.222218671449,-0.364616780294
-3.85722e-06,-0.190436626148,-0.345214036669
-3.472674e-06,-0.166688972672,-0.325910969401
-3.080035e-06,-0.136814484942,-0.306707191947
-2.661148e-06,-0.113814381888,-0.287677275767
-2.232301e-06,-0.0920907921064,-0.268843398325
-1.796528e-06,-0.0747093676916,-0.250284601241
-1.374585e-06,-0.0582580402358,-0.232061105611
-9.751652e-07,-0.0417687892251,-0.214339272154
-6.041246e-07,-0.0283866031374,-0.197516800654
-2.986352e-07,-0.0175882689184,-0.182192299075
-9.578453e-08,-0.0126354930006,-0.169738324142
-1.967322e-08,-0.00247259655246,-0.160242189575
|Current(A)|,dx/dlnI(V),H(I)
-3.85722e-06,-0.190436626148,-0.345214036669
-3.472674e-06,-0.166688972672,-0.325910969401
-3.080035e-06,-0.136814484942,-0.306707191947
-2.661148e-06,-0.113814381888,-0.287677275767
-2.232301e-06,-0.0920907921064,-0.268843398325
-1.796528e-06,-0.0747093676916,-0.250284601241
-1.374585e-06,-0.0582580402358,-0.232061105611
-9.751652e-07,-0.0417687892251,-0.214339272154
-6.041246e-07,-0.0283866031374,-0.197516800654
-2.986352e-07,-0.0175882689184,-0.182192299075
-9.578453e-08,-0.0126354930006,-0.169738324142
-1.967322e-08,-0.00247259655246,-0.160242189575
|Current(A)|,dx/dlnI(V),H(I)
-3.85722e-06,-0.190436626148,-0.345214036669
-3.472674e-06,-0.166688972672,-0.325910969401
-3.080035e-06,-0.136814484942,-0.306707191947
-2.661148e-06,-0.113814381888,-0.287677275767
-2.232301e-06,-0.0920907921064,-0.268843398325
-1.796528e-06,-0.0747093676916,-0.250284601241
-1.374585e-06,-0.0582580402358,-0.232061105611
-9.751652e-07,-0.0417687892251,-0.214339272154
-6.041246e-07,-0.0283866031374,-0.197516800654
-2.986352e-07,-0.0175882689184,-0.182192299075
-9.578453e-08,-0.0126354930006,-0.169738324142
-1.967322e-08,-0.00247259655246,-0.160242189575
|Current(A)|,dx/dlnI(V),H(I)
-3.85722e-06,-0.190436626148,-0.345214036669
-3.472674e-06,-0.166688972672,-0.325910969401
-3.080035e-06,-0.136814484942,-0.306707191947
-2.661148e-06,-0.113814381888,-0.287677275767
-2.232301e-06,-0.0920907921064,-0.268843398325
-1.796528e-06,-0.0747093676916,-0.250284601241
-1.374585e-06,-0.0582580402358,-0.232061105611
-9.751652e-07,-0.0417687892251,-0.214339272154
-6.041246e-07,-0.0283866031374,-0.197516800654
-2.986352e-07,-0.0175882689184,-0.182192299075
-9.578453e-08,-0.0126354930006,-0.169738324142
-1.967322e-08,-0.00247259655246,-0.160242189575
|Current(A)|,dx/dlnI(V),H(I)
-2.894949e-05,-1.06729939784,-2.09183832311
-2.841206e-05,-1.65564365117,-2.07196267577
-2.807091e-05,-1.62167706488,-2.05204283887
-2.772684e-05,-1.85748660092,-2.032124681
-2.74299e-05,-3.12340262455,-2.01219613321
-2.725482e-05,-1.27448793763,-1.99223862582
-2.683046e-05,-1.3563667467,-1.97234276295
-2.643774e-05,-2.86521838265,-1.95244061371
-2.625384e-05,-1.66427862253,-1.93248693532
-2.594023e-05,-1.68497695032,-1.91256668249
-2.563415e-05,-2.1571359191,-1.89264545005
-2.539758e-05,-1.61137742409,-1.87270697678
-2.50843e-05,-1.78312591987,-1.85278934204
-2.480452e-05,-1.91856949383,-1.83286377397
-2.454729e-05,-2.30413024206,-1.81293295131
-2.433514e-05,-1.42809621109,-1.79299055288
-2.399671e-05,-1.86707147706,-1.77308348885
-2.374103e-05,-2.18457061703,-1.75315457425
-2.352467e-05,-1.47352849162,-1.7332153283
-2.320753e-05,-2.09059321575,-1.71330539885
-2.298657e-05,-1.55459551361,-1.69336888395
-2.269274e-05,-2.25156980778,-1.67345425762
-2.249206e-05,-1.35086233106,-1.65351320383
-2.216151e-05,-1.8646604639,-1.63361145331
-2.192508e-05,-1.99428715246,-1.61368263062
-2.17063e-05,-1.28684041506,-1.59374918148
-2.137155e-05,-2.06902956277,-1.57385231899
-2.116596e-05,-1.90502072904,-1.55391646574
-2.094491e-05,-1.47217323925,-1.53398613507
-2.066229e-05,-1.65696576439,-1.51407628853
-2.041439e-05,-1.3513884718,-1.49415638766
-2.011449e-05,-2.0396591045,-1.47425459889
-1.991822e-05,-1.02336492204,-1.45431966933
-1.953273e-05,-1.43124068365,-1.43444936062
-1.926168e-05,-1.88712406789,-1.41454209242
-1.905862e-05,-1.17890622319,-1.39461242246
-1.873802e-05,-2.04933311363,-1.37472500268
-1.855604e-05,-1.32029987787,-1.35478976595
-1.827707e-05,-1.22955849829,-1.33489028972
-1.798218e-05,-1.4261956287,-1.31499823214
-1.773177e-05,-0.960824374831,-1.29509129196
-1.736649e-05,-1.324677984,-1.27522942493
-1.710626e-05,-1.73864016864,-1.25532961646
-1.691061e-05,-1.13992213713,-1.23540595285
-1.66165e-05,-1.09666646473,-1.21552238319
-1.631621e-05,-1.39147149216,-1.19564340587
-1.608337e-05,-1.49225395612,-1.175738788
-1.586925e-05,-0.874436855478,-1.15582772831
-1.551041e-05,-1.14457764398,-1.13597950773
-1.524174e-05,-1.3486613245,-1.11609546449
-1.501738e-05,-1.07202964798,-1.09619387431
-1.473981e-05,-1.06394659295,-1.07631767827
-1.446532e-05,-0.912320155398,-1.0564424228
-1.415166e-05,-1.1262392216,-1.03658789971
-1.390257e-05,-1.09111950396,-1.01670574458
-1.365006e-05,-0.73606348752,-0.996827382515
-1.328416e-05,-1.03555301393,-0.977007695111
-1.303006e-05,-1.11334793783,-0.957135859982
-1.279808e-05,-0.758655684747,-0.937255069362
-1.24651e-05,-1.16876007507,-0.917430012384
-1.225361e-05,-0.722452890094,-0.897543569924
-1.191904e-05,-0.916433895581,-0.877727279505
-1.166174e-05,-0.751016766161,-0.857872103391
-1.135528e-05,-0.751569385093,-0.838048825835
-1.105709e-05,-0.687801895282,-0.818225418337
-1.07402e-05,-0.781832319492,-0.798418383083
-1.046894e-05,-0.770842149163,-0.778588140095
-1.020081e-05,-0.593386727131,-0.758760317392
-9.862723e-06,-0.675702511018,-0.738983985217
-9.575076e-06,-0.662514932767,-0.719180405262
-9.290343e-06,-0.632524084977,-0.699380735114
-9.001184e-06,-0.640818698362,-0.679590563516
-8.724595e-06,-0.621246159723,-0.659797675947
-8.448194e-06,-0.638150939275,-0.640011313514
-8.187529e-06,-0.538304972473,-0.620219291768
-7.888914e-06,-0.513623064359,-0.600465846277
-7.587631e-06,-0.537698348394,-0.580724248844
-7.310589e-06,-0.45640746181,-0.560971081512
-6.997153e-06,-0.521150206896,-0.54126187763
-6.733713e-06,-0.422508036384,-0.521516548004
-6.42239e-06,-0.422489755342,-0.5018306758
-6.125448e-06,-0.411511782535,-0.482144817188
-5.834862e-06,-0.394632280396,-0.462467338981
-5.546519e-06,-0.32344691616,-0.442803655914
-5.213944e-06,-0.301282081833,-0.423213990691
-4.879065e-06,-0.291119073899,-0.403654513132
-4.555126e-06,-0.262105893404,-0.384110414274
-4.220477e-06,-0.222218671449,-0.364616780294
-3.85722e-06,-0.190436626148,-0.345214036669
-3.472674e-06,-0.166688972672,-0.325910969401
-3.080035e-06,-0.136814484942,-0.306707191947
-2.661148e-06,-0.113814381888,-0.287677275767
-2.232301e-06,-0.0920907921064,-0.268843398325
-1.796528e-06,-0.0747093676916,-0.250284601241
-1.374585e-06,-0.0582580402358,-0.232061105611
-9.751652e-07,-0.0417687892251,-0.214339272154
-6.041246e-07,-0.0283866031374,-0.197516800654
-2.986352e-07,-0.0175882689184,-0.182192299075
-9.578453e-08,-0.0126354930006,-0.169738324142
-1.967322e-08,-0.00247259655246,-0.160242189575
|Current(A)|,dx/dlnI(V),H(I)
-9.862723e-06,-0.675702511018,-0.738983985217
-9.575076e-06,-0.662514932767,-0.719180405262
-9.290343e-06,-0.632524084977,-0.699380735114
-9.001184e-06,-0.640818698362,-0.679590563516
-8.724595e-06,-0.621246159723,-0.659797675947
-8.448194e-06,-0.638150939275,-0.640011313514
-8.187529e-06,-0.538304972473,-0.620219291768
-7.888914e-06,-0.513623064359,-0.600465846277
-7.587631e-06,-0.537698348394,-0.580724248844
-7.310589e-06,-0.45640746181,-0.560971081512
-6.997153e-06,-0.521150206896,-0.54126187763
-6.733713e-06,-0.422508036384,-0.521516548004
-6.42239e-06,-0.422489755342,-0.5018306758
-6.125448e-06,-0.411511782535,-0.482144817188
-5.834862e-06,-0.394632280396,-0.462467338981
-5.546519e-06,-0.32344691616,-0.442803655914
-5.213944e-06,-0.301282081833,-0.423213990691
-4.879065e-06,-0.291119073899,-0.403654513132
-4.555126e-06,-0.262105893404,-0.384110414274
-4.220477e-06,-0.222218671449,-0.364616780294
-3.85722e-06,-0.190436626148,-0.345214036669
-3.472674e-06,-0.166688972672,-0.325910969401
-3.080035e-06,-0.136814484942,-0.306707191947
-2.661148e-06,-0.113814381888,-0.287677275767
-2.232301e-06,-0.0920907921064,-0.268843398325
-1.796528e-06,-0.0747093676916,-0.250284601241
-1.374585e-06,-0.0582580402358,-0.232061105611
-9.751652e-07,-0.0417687892251,-0.214339272154
-6.041246e-07,-0.0283866031374,-0.197516800654
-2.986352e-07,-0.0175882689184,-0.182192299075
-9.578453e-08,-0.0126354930006,-0.169738324142
-1.967322e-08,-0.00247259655246,-0.160242189575
|Current(A)|,dx/dlnI(V),H(I)
-7.888914e-06,-0.513623064359,-0.600465846277
-7.587631e-06,-0.537698348394,-0.580724248844
-7.310589e-06,-0.45640746181,-0.560971081512
-6.997153e-06,-0.521150206896,-0.54126187763
-6.733713e-06,-0.422508036384,-0.521516548004
-6.42239e-06,-0.422489755342,-0.5018306758
-6.125448e-06,-0.411511782535,-0.482144817188
-5.834862e-06,-0.394632280396,-0.462467338981
-5.546519e-06,-0.32344691616,-0.442803655914
-5.213944e-06,-0.301282081833,-0.423213990691
-4.879065e-06,-0.291119073899,-0.403654513132
-4.555126e-06,-0.262105893404,-0.384110414274
-4.220477e-06,-0.222218671449,-0.364616780294
-3.85722e-06,-0.190436626148,-0.345214036669
-3.472674e-06,-0.166688972672,-0.325910969401
-3.080035e-06,-0.136814484942,-0.306707191947
-2.661148e-06,-0.113814381888,-0.287677275767
-2.232301e-06,-0.0920907921064,-0.268843398325
-1.796528e-06,-0.0747093676916,-0.250284601241
-1.374585e-06,-0.0582580402358,-0.232061105611
-9.751652e-07,-0.0417687892251,-0.214339272154
-6.041246e-07,-0.0283866031374,-0.197516800654
-2.986352e-07,-0.0175882689184,-0.182192299075
-9.578453e-08,-0.0126354930006,-0.169738324142
-1.967322e-08,-0.00247259655246,-0.160242189575
|Current(A)|,dx/dlnI(V),H(I)
-4.879065e-06,-0.291119073899,-0.403654513132
-4.555126e-06,-0.262105893404,-0.384110414274
-4.220477e-06,-0.222218671449,-0.364616780294
-3.85722e-06,-0.190436626148,-0.345214036669
-3.472674e-06,-0.166688972672,-0.325910969401
-3.080035e-06,-0.136814484942,-0.306707191947
-2.661148e-06,-0.113814381888,-0.287677275767
-2.232301e-06,-0.0920907921064,-0.268843398325
-1.796528e-06,-0.0747093676916,-0.250284601241
-1.374585e-06,-0.0582580402358,-0.232061105611
-9.751652e-07,-0.0417687892251,-0.214339272154
-6.041246e-07,-0.0283866031374,-0.197516800654
-2.986352e-07,-0.0175882689184,-0.182192299075
-9.578453e-08,-0.0126354930006,-0.169738324142
-1.967322e-08,-0.00247259655246,-0.160242189575
|Current(A)|,dx/dlnI(V),H(I)
-2.661148e-06,-0.113814381888,-0.287677275767
-2.232301e-06,-0.0920907921064,-0.268843398325
-1.796528e-06,-0.0747093676916,-0.250284601241
-1.374585e-06,-0.0582580402358,-0.232061105611
-9.751652e-07,-0.0417687892251,-0.214339272154
-6.041246e-07,-0.0283866031374,-0.197516800654
-2.986352e-07,-0.0175882689184,-0.182192299075
-9.578453e-08,-0.0126354930006,-0.169738324142
-1.967322e-08,-0.00247259655246,-0.160242189575
|Current(A)|,dx/dlnI(V),H(I)
-9.751652e-07,-0.0417687892251,-0.214339272154
-6.041246e-07,-0.0283866031374,-0.197516800654
-2.986352e-07,-0.0175882689184,-0.182192299075
-9.578453e-08,-0.0126354930006,-0.169738324142
-1.967322e-08,-0.00247259655246,-0.160242189575
|Current(A)|,dx/dlnI(V),H(I)
-2.986352e-07,-0.0175882689184,-0.182192299075
-9.578453e-08,-0.0126354930006,-0.169738324142
-1.967322e-08,-0.00247259655246,-0.160242189575
|Current(A)|,dx/dlnI(V),H(I)
-5.834862e-06,-0.394632280396,-0.462467338981
-5.546519e-06,-0.32344691616,-0.442803655914
-5.213944e-06,-0.301282081833,-0.423213990691
-4.879065e-06,-0.291119073899,-0.403654513132
-4.555126e-06,-0.262105893404,-0.384110414274
-4.220477e-06,-0.222218671449,-0.364616780294
-3.85722e-06,-0.190436626148,-0.345214036669
-3.472674e-06,-0.166688972672,-0.325910969401
-3.080035e-06,-0.136814484942,-0.306707191947
-2.661148e-06,-0.113814381888,-0.287677275767
-2.232301e-06,-0.0920907921064,-0.268843398325
-1.796528e-06,-0.0747093676916,-0.250284601241
-1.374585e-06,-0.0582580402358,-0.232061105611
-9.751652e-07,-0.0417687892251,-0.214339272154
-6.041246e-07,-0.0283866031374,-0.197516800654
-2.986352e-07,-0.0175882689184,-0.182192299075
-9.578453e-08,-0.0126354930006,-0.169738324142
-1.967322e-08,-0.00247259655246,-0.160242189575
|Current(A)|,dx/dlnI(V),H(I)
-2.894949e-05,-1.06729939784,-2.09183832311
-2.841206e-05,-1.65564365117,-2.07196267577
-2.807091e-05,-1.62167706488,-2.05204283887
-2.772684e-05,-1.85748660092,-2.032124681
-2.74299e-05,-3.12340262455,-2.01219613321
-2.725482e-05,-1.27448793763,-1.99223862582
-2.683046e-05,-1.3563667467,-1.97234276295
-2.643774e-05,-2.86521838265,-1.95244061371
-2.625384e-05,-1.66427862253,-1.93248693532
-2.594023e-05,-1.68497695032,-1.91256668249
-2.563415e-05,-2.1571359191,-1.89264545005
-2.539758e-05,-1.61137742409,-1.87270697678
-2.50843e-05,-1.78312591987,-1.85278934204
-2.480452e-05,-1.91856949383,-1.83286377397
-2.454729e-05,-2.30413024206,-1.81293295131
-2.433514e-05,-1.42809621109,-1.79299055288
-2.399671e-05,-1.86707147706,-1.77308348885
-2.374103e-05,-2.18457061703,-1.75315457425
-2.352467e-05,-1.47352849162,-1.7332153283
-2.320753e-05,-2.09059321575,-1.71330539885
-2.298657e-05,-1.55459551361,-1.69336888395
-2.269274e-05,-2.25156980778,-1.67345425762
-2.249206e-05,-1.35086233106,-1.65351320383
-2.216151e-05,-1.8646604639,-1.63361145331
-2.192508e-05,-1.99428715246,-1.61368263062
-2.17063e-05,-1.28684041506,-1.59374918148
-2.137155e-05,-2.06902956277,-1.57385231899
-2.116596e-05,-1.90502072904,-1.55391646574
-2.094491e-05,-1.47217323925,-1.53398613507
-2.066229e-05,-1.65696576439,-1.51407628853
-2.041439e-05,-1.3513884718,-1.49415638766
-2.011449e-05,-2.0396591045,-1.47425459889
-1.991822e-05,-1.02336492204,-1.45431966933
-1.953273e-05,-1.43124068365,-1.43444936062
-1.926168e-05,-1.88712406789,-1.41454209242
-1.905862e-05,-1.17890622319,-1.39461242246
-1.873802e-05,-2.04933311363,-1.37472500268
-1.855604e-05,-1.32029987787,-1.35478976595
-1.827707e-05,-1.22955849829,-1.33489028972
-1.798218e-05,-1.4261956287,-1.31499823214
-1.773177e-05,-0.960824374831,-1.29509129196
-1.736649e-05,-1.324677984,-1.27522942493
-1.710626e-05,-1.73864016864,-1.25532961646
-1.691061e-05,-1.13992213713,-1.23540595285
-1.66165e-05,-1.09666646473,-1.21552238319
-1.631621e-05,-1.39147149216,-1.19564340587
-1.608337e-05,-1.49225395612,-1.175738788
-1.586925e-05,-0.874436855478,-1.15582772831
-1.551041e-05,-1.14457764398,-1.13597950773
-1.524174e-05,-1.3486613245,-1.11609546449
-1.501738e-05,-1.07202964798,-1.09619387431
-1.473981e-05,-1.06394659295,-1.07631767827
-1.446532e-05,-0.912320155398,-1.0564424228
-1.415166e-05,-1.1262392216,-1.03658789971
-1.390257e-05,-1.09111950396,-1.01670574458
-1.365006e-05,-0.73606348752,-0.996827382515
-1.328416e-05,-1.03555301393,-0.977007695111
-1.303006e-05,-1.11334793783,-0.957135859982
-1.279808e-05,-0.758655684747,-0.937255069362
-1.24651e-05,-1.16876007507,-0.917430012384
-1.225361e-05,-0.722452890094,-0.897543569924
-1.191904e-05,-0.916433895581,-0.877727279505
-1.166174e-05,-0.751016766161,-0.857872103391
-1.135528e-05,-0.751569385093,-0.838048825835
-1.105709e-05,-0.687801895282,-0.818225418337
-1.07402e-05,-0.781832319492,-0.798418383083
-1.046894e-05,-0.770842149163,-0.778588140095
-1.020081e-05,-0.593386727131,-0.758760317392
-9.862723e-06,-0.675702511018,-0.738983985217
-9.575076e-06,-0.662514932767,-0.719180405262
-9.290343e-06,-0.632524084977,-0.699380735114
-9.001184e-06,-0.640818698362,-0.679590563516
-8.724595e-06,-0.621246159723,-0.659797675947
-8.448194e-06,-0.638150939275,-0.640011313514
-8.187529e-06,-0.538304972473,-0.620219291768
-7.888914e-06,-0.513623064359,-0.600465846277
-7.587631e-06,-0.537698348394,-0.580724248844
-7.310589e-06,-0.45640746181,-0.560971081512
-6.997153e-06,-0.521150206896,-0.54126187763
-6.733713e-06,-0.422508036384,-0.521516548004
-6.42239e-06,-0.422489755342,-0.5018306758
-6.125448e-06,-0.411511782535,-0.482144817188
-5.834862e-06,-0.394632280396,-0.462467338981
-5.546519e-06,-0.32344691616,-0.442803655914
-5.213944e-06,-0.301282081833,-0.423213990691
-4.879065e-06,-0.291119073899,-0.403654513132
-4.555126e-06,-0.262105893404,-0.384110414274
-4.220477e-06,-0.222218671449,-0.364616780294
-3.85722e-06,-0.190436626148,-0.345214036669
-3.472674e-06,-0.166688972672,-0.325910969401
-3.080035e-06,-0.136814484942,-0.306707191947
-2.661148e-06,-0.113814381888,-0.287677275767
-2.232301e-06,-0.0920907921064,-0.268843398325
-1.796528e-06,-0.0747093676916,-0.250284601241
-1.374585e-06,-0.0582580402358,-0.232061105611
-9.751652e-07,-0.0417687892251,-0.214339272154
-6.041246e-07,-0.0283866031374,-0.197516800654
-2.986352e-07,-0.0175882689184,-0.182192299075
-9.578453e-08,-0.0126354930006,-0.169738324142
-1.967322e-08,-0.00247259655246,-0.160242189575
|Current(A)|,dx/dlnI(V),H(I)
-3.85722e-06,-0.190436626148,-0.345214036669
-3.472674e-06,-0.166688972672,-0.325910969401
-3.080035e-06,-0.136814484942,-0.306707191947
-2.661148e-06,-0.113814381888,-0.287677275767
-2.232301e-06,-0.0920907921064,-0.268843398325
-1.796528e-06,-0.0747093676916,-0.250284601241
-1.374585e-06,-0.0582580402358,-0.232061105611
-9.751652e-07,-0.0417687892251,-0.214339272154
-6.041246e-07,-0.0283866031374,-0.197516800654
-2.986352e-07,-0.0175882689184,-0.182192299075
-9.578453e-08,-0.0126354930006,-0.169738324142
-1.967322e-08,-0.00247259655246,-0.160242189575
|Current(A)|,dx/dlnI(V),H(I)
-4.879065e-06,-0.291119073899,-0.403654513132
-4.555126e-06,-0.262105893404,-0.384110414274
-4.220477e-06,-0.222218671449,-0.364616780294
-3.85722e-06,-0.190436626148,-0.345214036669
-3.472674e-06,-0.166688972672,-0.325910969401
-3.080035e-06,-0.136814484942,-0.306707191947
-2.661148e-06,-0.113814381888,-0.287677275767
-2.232301e-06,-0.0920907921064,-0.268843398325
-1.796528e-06,-0.0747093676916,-0.250284601241
-1.374585e-06,-0.0582580402358,-0.232061105611
-9.751652e-07,-0.0417687892251,-0.214339272154
-6.041246e-07,-0.0283866031374,-0.197516800654
-2.986352e-07,-0.0175882689184,-0.182192299075
-9.578453e-08,-0.0126354930006,-0.169738324142
-1.967322e-08,-0.00247259655246,-0.160242189575
|Current(A)|,dx/dlnI(V),H(I)
-2.661148e-06,-0.113814381888,-0.287677275767
-2.232301e-06,-0.0920907921064,-0.268843398325
-1.796528e-06,-0.0747093676916,-0.250284601241
-1.374585e-06,-0.0582580402358,-0.232061105611
-9.751652e-07,-0.0417687892251,-0.214339272154
-6.041246e-07,-0.0283866031374,-0.197516800654
-2.986352e-07,-0.0175882689184,-0.182192299075
-9.578453e-08,-0.0126354930006,-0.169738324142
-1.967322e-08,-0.00247259655246,-0.160242189575
|Current(A)|,dx/dlnI(V),H(I)
-3.472674e-06,-0.166688972672,-0.325910969401
-3.080035e-06,-0.136814484942,-0.306707191947
-2.661148e-06,-0.113814381888,-0.287677275767
-2.232301e-06,-0.0920907921064,-0.268843398325
-1.796528e-06,-0.0747093676916,-0.250284601241
-1.374585e-06,-0.0582580402358,-0.232061105611
-9.751652e-07,-0.0417687892251,-0.214339272154
-6.041246e-07,-0.0283866031374,-0.197516800654
-2.986352e-07,-0.0175882689184,-0.182192299075
-9.578453e-08,-0.0126354930006,-0.169738324142
-1.967322e-08,-0.00247259655246,-0.160242189575
|Current(A)|,dx/dlnI(V),H(I)
-3.472674e-06,-0.166688972672,-0.325910969401
-3.080035e-06,-0.136814484942,-0.306707191947
-2.661148e-06,-0.113814381888,-0.287677275767
-2.232301e-06,-0.0920907921064,-0.268843398325
-1.796528e-06,-0.0747093676916,-0.250284601241
-1.374585e-06,-0.0582580402358,-0.232061105611
-9.751652e-07,-0.0417687892251,-0.214339272154
-6.041246e-07,-0.0283866031374,-0.197516800654
-2.986352e-07,-0.0175882689184,-0.182192299075
-9.578453e-08,-0.0126354930006,-0.169738324142
-1.967322e-08,-0.00247259655246,-0.160242189575
|Current(A)|,dx/dlnI(V),H(I)
-3.472674e-06,-0.166688972672,-0.325910969401
-3.080035e-06,-0.136814484942,-0.306707191947
-2.661148e-06,-0.113814381888,-0.287677275767
-2.232301e-06,-0.0920907921064,-0.268843398325
-1.796528e-06,-0.0747093676916,-0.250284601241
-1.374585e-06,-0.0582580402358,-0.232061105611
-9.751652e-07,-0.0417687892251,-0.214339272154
-6.041246e-07,-0.0283866031374,-0.197516800654
-2.986352e-07,-0.0175882689184,-0.182192299075
-9.578453e-08,-0.0126354930006,-0.169738324142
-1.967322e-08,-0.00247259655246,-0.160242189575
|Current(A)|,dx/dlnI(V),H(I)
-2.894949e-05,-1.06729939784,-2.09183832311
-2.841206e-05,-1.65564365117,-2.07196267577
-2.807091e-05,-1.62167706488,-2.05204283887
-2.772684e-05,-1.85748660092,-2.032124681
-2.74299e-05,-3.12340262455,-2.01219613321
-2.725482e-05,-1.27448793763,-1.99223862582
-2.683046e-05,-1.3563667467,-1.97234276295
-2.643774e-05,-2.86521838265,-1.95244061371
-2.625384e-05,-1.66427862253,-1.93248693532
-2.594023e-05,-1.68497695032,-1.91256668249
-2.563415e-05,-2.1571359191,-1.89264545005
-2.539758e-05,-1.61137742409,-1.87270697678
-2.50843e-05,-1.78312591987,-1.85278934204
-2.480452e-05,-1.91856949383,-1.83286377397
-2.454729e-05,-2.30413024206,-1.81293295131
-2.433514e-05,-1.42809621109,-1.79299055288
-2.399671e-05,-1.86707147706,-1.77308348885
-2.374103e-05,-2.18457061703,-1.75315457425
-2.352467e-05,-1.47352849162,-1.7332153283
-2.320753e-05,-2.09059321575,-1.71330539885
-2.298657e-05,-1.55459551361,-1.69336888395
-2.269274e-05,-2.25156980778,-1.67345425762
-2.249206e-05,-1.35086233106,-1.65351320383
-2.216151e-05,-1.8646604639,-1.63361145331
-2.192508e-05,-1.99428715246,-1.61368263062
-2.17063e-05,-1.28684041506,-1.59374918148
-2.137155e-05,-2.06902956277,-1.57385231899
-2.116596e-05,-1.90502072904,-1.55391646574
-2.094491e-05,-1.47217323925,-1.53398613507
-2.066229e-05,-1.65696576439,-1.51407628853
-2.041439e-05,-1.3513884718,-1.49415638766
-2.011449e-05,-2.0396591045,-1.47425459889
-1.991822e-05,-1.02336492204,-1.45431966933
-1.953273e-05,-1.43124068365,-1.43444936062
-1.926168e-05,-1.88712406789,-1.41454209242
-1.905862e-05,-1.17890622319,-1.39461242246
-1.873802e-05,-2.04933311363,-1.37472500268
-1.855604e-05,-1.32029987787,-1.35478976595
-1.827707e-05,-1.22955849829,-1.33489028972
-1.798218e-05,-1.4261956287,-1.31499823214
-1.773177e-05,-0.960824374831,-1.29509129196
-1.736649e-05,-1.324677984,-1.27522942493
-1.710626e-05,-1.73864016864,-1.25532961646
-1.691061e-05,-1.13992213713,-1.23540595285
-1.66165e-05,-1.09666646473,-1.21552238319
-1.631621e-05,-1.39147149216,-1.19564340587
-1.608337e-05,-1.49225395612,-1.175738788
-1.586925e-05,-0.874436855478,-1.15582772831
-1.551041e-05,-1.14457764398,-1.13597950773
-1.524174e-05,-1.3486613245,-1.11609546449
-1.501738e-05,-1.07202964798,-1.09619387431
-1.473981e-05,-1.06394659295,-1.07631767827
-1.446532e-05,-0.912320155398,-1.0564424228
-1.415166e-05,-1.1262392216,-1.03658789971
-1.390257e-05,-1.09111950396,-1.01670574458
-1.365006e-05,-0.73606348752,-0.996827382515
-1.328416e-05,-1.03555301393,-0.977007695111
-1.303006e-05,-1.11334793783,-0.957135859982
-1.279808e-05,-0.758655684747,-0.937255069362
-1.24651e-05,-1.16876007507,-0.917430012384
-1.225361e-05,-0.722452890094,-0.897543569924
-1.191904e-05,-0.916433895581,-0.877727279505
-1.166174e-05,-0.751016766161,-0.857872103391
-1.135528e-05,-0.751569385093,-0.838048825835
-1.105709e-05,-0.687801895282,-0.818225418337
-1.07402e-05,-0.781832319492,-0.798418383083
-1.046894e-05,-0.770842149163,-0.778588140095
-1.020081e-05,-0.593386727131,-0.758760317392
-9.862723e-06,-0.675702511018,-0.738983985217
-9.575076e-06,-0.662514932767,-0.719180405262
-9.290343e-06,-0.632524084977,-0.699380735114
-9.001184e-06,-0.640818698362,-0.679590563516
-8.724595e-06,-0.621246159723,-0.659797675947
-8.448194e-06,-0.638150939275,-0.640011313514
-8.187529e-06,-0.538304972473,-0.620219291768
-7.888914e-06,-0.513623064359,-0.600465846277
-7.587631e-06,-0.537698348394,-0.580724248844
-7.310589e-06,-0.45640746181,-0.560971081512
-6.997153e-06,-0.521150206896,-0.54126187763
-6.733713e-06,-0.422508036384,-0.521516548004
-6.42239e-06,-0.422489755342,-0.5018306758
-6.125448e-06,-0.411511782535,-0.482144817188
-5.834862e-06,-0.394632280396,-0.462467338981
-5.546519e-06,-0.32344691616,-0.442803655914
-5.213944e-06,-0.301282081833,-0.423213990691
-4.879065e-06,-0.291119073899,-0.403654513132
-4.555126e-06,-0.262105893404,-0.384110414274
-4.220477e-06,-0.222218671449,-0.364616780294
-3.85722e-06,-0.190436626148,-0.345214036669
-3.472674e-06,-0.166688972672,-0.325910969401
-3.080035e-06,-0.136814484942,-0.306707191947
-2.661148e-06,-0.113814381888,-0.287677275767
-2.232301e-06,-0.0920907921064,-0.268843398325
-1.796528e-06,-0.0747093676916,-0.250284601241
-1.374585e-06,-0.0582580402358,-0.232061105611
-9.751652e-07,-0.0417687892251,-0.214339272154
-6.041246e-07,-0.0283866031374,-0.197516800654
-2.986352e-07,-0.0175882689184,-0.182192299075
-9.578453e-08,-0.0126354930006,-0.169738324142
-1.967322e-08,-0.00247259655246,-0.160242189575
|Current(A)|,dx/dlnI(V),H(I)
-3.629425e-05,-0.346474381799,-0.710337861628
-3.425851e-05,-0.330249770132,-0.690720924634
-3.224538e-05,-0.313158760598,-0.671122806876
-3.02504e-05,-0.29647998801,-0.651546622317
-2.827707e-05,-0.279134929596,-0.631994279911
-2.63219e-05,-0.262855408497,-0.612469754329
-2.439343e-05,-0.246205841616,-0.592974676479
-2.249023e-05,-0.230374538721,-0.573513743779
-2.062009e-05,-0.214012230496,-0.5540898557
-1.878039e-05,-0.198863406839,-0.534710014267
-1.698349e-05,-0.18316048704,-0.515377414671
-1.522666e-05,-0.168366785075,-0.496102033394
-1.352121e-05,-0.153395592217,-0.476890321405
-1.186838e-05,-0.1395928189,-0.457755545211
-1.028415e-05,-0.126569667618,-0.438706321327
-8.780981e-06,-0.112989458782,-0.419754925789
-7.356472e-06,-0.101431050506,-0.400929562074
-6.039989e-06,-0.0908503269392,-0.382238052102
-4.846515e-06,-0.0824199172927,-0.363698933121
-3.802277e-06,-0.0752752683673,-0.345309241921
-2.915113e-06,-0.069244507321,-0.327072390975
-2.183823e-06,-0.0620452427237,-0.30898909922
-1.582066e-06,-0.0542765455475,-0.291128207915
-1.094446e-06,-0.0459695186461,-0.273573490989
-7.08346e-07,-0.0370456963101,-0.256460654528
-4.128395e-07,-0.030450421834,-0.240043297895
-2.140594e-07,-0.0260838583457,-0.224401908061
-9.943417e-08,-0.021659924013,-0.209490170556
-3.949332e-08,-0.0161365980976,-0.195617685965
-1.143539e-08,-0.0106056268892,-0.183842561949
|Current(A)|,dx/dlnI(V),H(I)
-0.0002563069,-1.71956358309,-2.07736621636
-0.0002533431,-1.75390162143,-2.05744339962
-0.0002504706,-1.65539826213,-2.03751907177
-0.0002474627,-1.58015176199,-2.01759924675
-0.0002443503,-1.53806689855,-1.99768323964
-0.0002411935,-1.48942432671,-1.97776953077
-0.0002379764,-1.46219347968,-1.95785864004
-0.0002347435,-1.41477993539,-1.93794940882
-0.0002314484,-1.39099540689,-1.91804321953
-0.0002281444,-1.35930745067,-1.89813863431
-0.0002248122,-1.33029688902,-1.87823627338
-0.0002214576,-1.31337368793,-1.85833604173
-0.0002181108,-1.27551183869,-1.83843709562
-0.0002147175,-1.25428185056,-1.81854114915
-0.0002113209,-1.22482874289,-1.7986469639
-0.0002078983,-1.20610749024,-1.77875532315
-0.0002044793,-1.17354060599,-1.75886536435
-0.000201024,-1.14484980878,-1.7389784593
-0.0001975427,-1.12475149909,-1.7190943885
-0.0001940611,-1.09387521307,-1.69921238925
-0.0001905452,-1.07138318968,-1.67933372074
-0.0001870212,-1.05252841223,-1.65945759941
-0.000183501,-1.0229901874,-1.63958369721
-0.0001799483,-0.969675982467,-1.61971343601
-0.0001762748,-1.01288773514,-1.59985030804
-0.0001728283,-0.960311142965,-1.57998134084
-0.0001692661,-0.935769983428,-1.56011954763
-0.0001656868,-0.887410168305,-1.54026137897
-0.0001619944,-0.911485700852,-1.52041093948
-0.0001584786,-0.873096957199,-1.50055654958
-0.0001548896,-0.84504281145,-1.48070856193
-0.0001512668,-0.810188767731,-1.46086562085
-0.0001475784,-0.819261103115,-1.4410294364
-0.0001440193,-0.784064787365,-1.42119143789
-0.0001403921,-0.765667712298,-1.40136071155
-0.0001367724,-0.736875551995,-1.38153405244
-0.0001331101,-0.738795139704,-1.36171416632
-0.000129555,-0.713178761833,-1.34189381222
-0.0001259723,-0.69406186186,-1.32207991075
-0.0001223941,-0.66999303151,-1.30227113509
-0.0001187945,-0.666436985597,-1.28246922897
-0.0001152824,-0.648310139589,-1.26266837985
-0.0001117803,-0.634827638562,-1.24287309903
-0.0001083136,-0.615222771978,-1.22308216604
-0.0001048491,-0.61007903174,-1.20329789525
-0.0001014676,-0.597882321078,-1.18351544332
-9.812951e-05,-0.566685055377,-1.16373742934
-9.472663e-05,-0.555651132148,-1.14397163619
-9.137769e-05,-0.539623106573,-1.12421049383
-8.805296e-05,-0.522684858624,-1.10445644608
-8.474735e-05,-0.505767793857,-1.08471036872
-8.146151e-05,-0.492402730105,-1.06497278463
-7.821907e-05,-0.478065735504,-1.04524232318
-7.501426e-05,-0.467407188409,-1.02551994508
-7.187216e-05,-0.459440770327,-1.00580389775
-6.88106e-05,-0.459212716946,-0.986092773981
-6.587803e-05,-0.464623945931,-0.966381793673
-6.310244e-05,-0.474654545503,-0.946667447306
-6.04988e-05,-0.479236669767,-0.926947064386
-5.802596e-05,-0.480161689092,-0.907224007965
-5.565867e-05,-0.473793961087,-0.887500418018
-5.335808e-05,-0.466531473735,-0.867780542986
-5.111898e-05,-0.454693282106,-0.848065028654
-4.891921e-05,-0.442670745549,-0.828356921065
-4.675821e-05,-0.426937007541,-0.808656741009
-4.461832e-05,-0.412643347852,-0.788967610097
-4.250733e-05,-0.396990539439,-0.76928924746
-4.04189e-05,-0.379802030911,-0.749623566555
-3.834555e-05,-0.363774213864,-0.729973015761
-3.629425e-05,-0.346474381799,-0.710337861628
-3.425851e-05,-0.330249770132,-0.690720924634
-3.224538e-05,-0.313158760598,-0.671122806876
-3.02504e-05,-0.29647998801,-0.651546622317
-2.827707e-05,-0.279134929596,-0.631994279911
-2.63219e-05,-0.262855408497,-0.612469754329
-2.439343e-05,-0.246205841616,-0.592974676479
-2.249023e-05,-0.230374538721,-0.573513743779
-2.062009e-05,-0.214012230496,-0.5540898557
-1.878039e-05,-0.198863406839,-0.534710014267
-1.698349e-05,-0.18316048704,-0.515377414671
-1.522666e-05,-0.168366785075,-0.496102033394
-1.352121e-05,-0.153395592217,-0.476890321405
-1.186838e-05,-0.1395928189,-0.457755545211
-1.028415e-05,-0.126569667618,-0.438706321327
-8.780981e-06,-0.112989458782,-0.419754925789
-7.356472e-06,-0.101431050506,-0.400929562074
-6.039989e-06,-0.0908503269392,-0.382238052102
-4.846515e-06,-0.0824199172927,-0.363698933121
-3.802277e-06,-0.0752752683673,-0.345309241921
-2.915113e-06,-0.069244507321,-0.327072390975
-2.183823e-06,-0.0620452427237,-0.30898909922
-1.582066e-06,-0.0542765455475,-0.291128207915
-1.094446e-06,-0.0459695186461,-0.273573490989
-7.08346e-07,-0.0370456963101,-0.256460654528
-4.128395e-07,-0.030450421834,-0.240043297895
-2.140594e-07,-0.0260838583457,-0.224401908061
-9.943417e-08,-0.021659924013,-0.209490170556
-3.949332e-08,-0.0161365980976,-0.195617685965
-1.143539e-08,-0.0106056268892,-0.183842561949
|Current(A)|,dx/dlnI(V),H(I)
-0.0002563069,-1.71956358309,-2.07736621636
-0.0002533431,-1.75390162143,-2.05744339962
-0.0002504706,-1.65539826213,-2.03751907177
-0.0002474627,-1.58015176199,-2.01759924675
-0.0002443503,-1.53806689855,-1.99768323964
-0.0002411935,-1.48942432671,-1.97776953077
-0.0002379764,-1.46219347968,-1.95785864004
-0.0002347435,-1.41477993539,-1.93794940882
-0.0002314484,-1.39099540689,-1.91804321953
-0.0002281444,-1.35930745067,-1.89813863431
-0.0002248122,-1.33029688902,-1.87823627338
-0.0002214576,-1.31337368793,-1.85833604173
-0.0002181108,-1.27551183869,-1.83843709562
-0.0002147175,-1.25428185056,-1.81854114915
-0.0002113209,-1.22482874289,-1.7986469639
-0.0002078983,-1.20610749024,-1.77875532315
-0.0002044793,-1.17354060599,-1.75886536435
-0.000201024,-1.14484980878,-1.7389784593
-0.0001975427,-1.12475149909,-1.7190943885
-0.0001940611,-1.09387521307,-1.69921238925
-0.0001905452,-1.07138318968,-1.67933372074
-0.0001870212,-1.05252841223,-1.65945759941
-0.000183501,-1.0229901874,-1.63958369721
-0.0001799483,-0.969675982467,-1.61971343601
-0.0001762748,-1.01288773514,-1.59985030804
-0.0001728283,-0.960311142965,-1.57998134084
-0.0001692661,-0.935769983428,-1.56011954763
-0.0001656868,-0.887410168305,-1.54026137897
-0.0001619944,-0.911485700852,-1.52041093948
-0.0001584786,-0.873096957199,-1.50055654958
-0.0001548896,-0.84504281145,-1.48070856193
-0.0001512668,-0.810188767731,-1.46086562085
-0.0001475784,-0.819261103115,-1.4410294364
-0.0001440193,-0.784064787365,-1.42119143789
-0.0001403921,-0.765667712298,-1.40136071155
-0.0001367724,-0.736875551995,-1.38153405244
-0.0001331101,-0.738795139704,-1.36171416632
-0.000129555,-0.713178761833,-1.34189381222
-0.0001259723,-0.69406186186,-1.32207991075
-0.0001223941,-0.66999303151,-1.30227113509
-0.0001187945,-0.666436985597,-1.28246922897
-0.0001152824,-0.648310139589,-1.26266837985
-0.0001117803,-0.634827638562,-1.24287309903
-0.0001083136,-0.615222771978,-1.22308216604
-0.0001048491,-0.61007903174,-1.20329789525
-0.0001014676,-0.597882321078,-1.18351544332
-9.812951e-05,-0.566685055377,-1.16373742934
-9.472663e-05,-0.555651132148,-1.14397163619
-9.137769e-05,-0.539623106573,-1.12421049383
-8.805296e-05,-0.522684858624,-1.10445644608
-8.474735e-05,-0.505767793857,-1.08471036872
-8.146151e-05,-0.492402730105,-1.06497278463
-7.821907e-05,-0.478065735504,-1.04524232318
-7.501426e-05,-0.467407188409,-1.02551994508
-7.187216e-05,-0.459440770327,-1.00580389775
-6.88106e-05,-0.459212716946,-0.986092773981
-6.587803e-05,-0.464623945931,-0.966381793673
-6.310244e-05,-0.474654545503,-0.946667447306
-6.04988e-05,-0.479236669767,-0.926947064386
-5.802596e-05,-0.480161689092,-0.907224007965
-5.565867e-05,-0.473793961087,-0.887500418018
-5.335808e-05,-0.466531473735,-0.867780542986
-5.111898e-05,-0.454693282106,-0.848065028654
-4.891921e-05,-0.442670745549,-0.828356921065
-4.675821e-05,-0.426937007541,-0.808656741009
-4.461832e-05,-0.412643347852,-0.788967610097
-4.250733e-05,-0.396990539439,-0.76928924746
-4.04189e-05,-0.379802030911,-0.749623566555
-3.834555e-05,-0.363774213864,-0.729973015761
-3.629425e-05,-0.346474381799,-0.710337861628
-3.425851e-05,-0.330249770132,-0.690720924634
-3.224538e-05,-0.313158760598,-0.671122806876
-3.02504e-05,-0.29647998801,-0.651546622317
-2.827707e-05,-0.279134929596,-0.631994279911
-2.63219e-05,-0.262855408497,-0.612469754329
-2.439343e-05,-0.246205841616,-0.592974676479
-2.249023e-05,-0.230374538721,-0.573513743779
-2.062009e-05,-0.214012230496,-0.5540898557
-1.878039e-05,-0.198863406839,-0.534710014267
-1.698349e-05,-0.18316048704,-0.515377414671
-1.522666e-05,-0.168366785075,-0.496102033394
-1.352121e-05,-0.153395592217,-0.476890321405
-1.186838e-05,-0.1395928189,-0.457755545211
-1.028415e-05,-0.126569667618,-0.438706321327
-8.780981e-06,-0.112989458782,-0.419754925789
-7.356472e-06,-0.101431050506,-0.400929562074
-6.039989e-06,-0.0908503269392,-0.382238052102
-4.846515e-06,-0.0824199172927,-0.363698933121
-3.802277e-06,-0.0752752683673,-0.345309241921
-2.915113e-06,-0.069244507321,-0.327072390975
-2.183823e-06,-0.0620452427237,-0.30898909922
-1.582066e-06,-0.0542765455475,-0.291128207915
-1.094446e-06,-0.0459695186461,-0.273573490989
-7.08346e-07,-0.0370456963101,-0.256460654528
-4.128395e-07,-0.030450421834,-0.240043297895
-2.140594e-07,-0.0260838583457,-0.224401908061
-9.943417e-08,-0.021659924013,-0.209490170556
-3.949332e-08,-0.0161365980976,-0.195617685965
-1.143539e-08,-0.0106056268892,-0.183842561949
|Current(A)|,dx/dlnI(V),H(I)
-0.0002563069,-1.71956358309,-2.07736621636
-0.0002533431,-1.75390162143,-2.05744339962
-0.0002504706,-1.65539826213,-2.03751907177
-0.0002474627,-1.58015176199,-2.01759924675
-0.0002443503,-1.53806689855,-1.99768323964
-0.0002411935,-1.48942432671,-1.97776953077
-0.0002379764,-1.46219347968,-1.95785864004
-0.0002347435,-1.41477993539,-1.93794940882
-0.0002314484,-1.39099540689,-1.91804321953
-0.0002281444,-1.35930745067,-1.89813863431
-0.0002248122,-1.33029688902,-1.87823627338
-0.0002214576,-1.31337368793,-1.85833604173
-0.0002181108,-1.27551183869,-1.83843709562
-0.0002147175,-1.25428185056,-1.81854114915
-0.0002113209,-1.22482874289,-1.7986469639
-0.0002078983,-1.20610749024,-1.77875532315
-0.0002044793,-1.17354060599,-1.75886536435
-0.000201024,-1.14484980878,-1.7389784593
-0.0001975427,-1.12475149909,-1.7190943885
-0.0001940611,-1.09387521307,-1.69921238925
-0.0001905452,-1.07138318968,-1.67933372074
-0.0001870212,-1.05252841223,-1.65945759941
-0.000183501,-1.0229901874,-1.63958369721
-0.0001799483,-0.969675982467,-1.61971343601
-0.0001762748,-1.01288773514,-1.59985030804
-0.0001728283,-0.960311142965,-1.57998134084
-0.0001692661,-0.935769983428,-1.56011954763
-0.0001656868,-0.887410168305,-1.54026137897
-0.0001619944,-0.911485700852,-1.52041093948
-0.0001584786,-0.873096957199,-1.50055654958
-0.0001548896,-0.84504281145,-1.48070856193
-0.0001512668,-0.810188767731,-1.46086562085
-0.0001475784,-0.819261103115,-1.4410294364
-0.0001440193,-0.784064787365,-1.42119143789
-0.0001403921,-0.765667712298,-1.40136071155
-0.0001367724,-0.736875551995,-1.38153405244
-0.0001331101,-0.738795139704,-1.36171416632
-0.000129555,-0.713178761833,-1.34189381222
-0.0001259723,-0.69406186186,-1.32207991075
-0.0001223941,-0.66999303151,-1.30227113509
-0.0001187945,-0.666436985597,-1.28246922897
-0.0001152824,-0.648310139589,-1.26266837985
-0.0001117803,-0.634827638562,-1.24287309903
-0.0001083136,-0.615222771978,-1.22308216604
-0.0001048491,-0.61007903174,-1.20329789525
-0.0001014676,-0.597882321078,-1.18351544332
-9.812951e-05,-0.566685055377,-1.16373742934
-9.472663e-05,-0.555651132148,-1.14397163619
-9.137769e-05,-0.539623106573,-1.12421049383
-8.805296e-05,-0.522684858624,-1.10445644608
-8.474735e-05,-0.505767793857,-1.08471036872
-8.146151e-05,-0.492402730105,-1.06497278463
-7.821907e-05,-0.478065735504,-1.04524232318
-7.501426e-05,-0.467407188409,-1.02551994508
-7.187216e-05,-0.459440770327,-1.00580389775
-6.88106e-05,-0.459212716946,-0.986092773981
-6.587803e-05,-0.464623945931,-0.966381793673
-6.310244e-05,-0.474654545503,-0.946667447306
-6.04988e-05,-0.479236669767,-0.926947064386
|Current(A)|,dx/dlnI(V),H(I)
-0.0002563069,-1.71956358309,-2.07736621636
-0.0002533431,-1.75390162143,-2.05744339962
-0.0002504706,-1.65539826213,-2.03751907177
-0.0002474627,-1.58015176199,-2.01759924675
-0.0002443503,-1.53806689855,-1.99768323964
-0.0002411935,-1.48942432671,-1.97776953077
-0.0002379764,-1.46219347968,-1.95785864004
-0.0002347435,-1.41477993539,-1.93794940882
-0.0002314484,-1.39099540689,-1.91804321953
-0.0002281444,-1.35930745067,-1.89813863431
-0.0002248122,-1.33029688902,-1.87823627338
-0.0002214576,-1.31337368793,-1.85833604173
-0.0002181108,-1.27551183869,-1.83843709562
-0.0002147175,-1.25428185056,-1.81854114915
-0.0002113209,-1.22482874289,-1.7986469639
-0.0002078983,-1.20610749024,-1.77875532315
-0.0002044793,-1.17354060599,-1.75886536435
-0.000201024,-1.14484980878,-1.7389784593
-0.0001975427,-1.12475149909,-1.7190943885
-0.0001940611,-1.09387521307,-1.69921238925
-0.0001905452,-1.07138318968,-1.67933372074
-0.0001870212,-1.05252841223,-1.65945759941
-0.000183501,-1.0229901874,-1.63958369721
-0.0001799483,-0.969675982467,-1.61971343601
-0.0001762748,-1.01288773514,-1.59985030804
-0.0001728283,-0.960311142965,-1.57998134084
-0.0001692661,-0.935769983428,-1.56011954763
-0.0001656868,-0.887410168305,-1.54026137897
-0.0001619944,-0.911485700852,-1.52041093948
-0.0001584786,-0.873096957199,-1.50055654958
-0.0001548896,-0.84504281145,-1.48070856193
-0.0001512668,-0.810188767731,-1.46086562085
-0.0001475784,-0.819261103115,-1.4410294364
-0.0001440193,-0.784064787365,-1.42119143789
-0.0001403921,-0.765667712298,-1.40136071155
-0.0001367724,-0.736875551995,-1.38153405244
-0.0001331101,-0.738795139704,-1.36171416632
-0.000129555,-0.713178761833,-1.34189381222
-0.0001259723,-0.69406186186,-1.32207991075
-0.0001223941,-0.66999303151,-1.30227113509
-0.0001187945,-0.666436985597,-1.28246922897
-0.0001152824,-0.648310139589,-1.26266837985
-0.0001117803,-0.634827638562,-1.24287309903
-0.0001083136,-0.615222771978,-1.22308216604
-0.0001048491,-0.61007903174,-1.20329789525
-0.0001014676,-0.597882321078,-1.18351544332
-9.812951e-05,-0.566685055377,-1.16373742934
-9.472663e-05,-0.555651132148,-1.14397163619
-9.137769e-05,-0.539623106573,-1.12421049383
-8.805296e-05,-0.522684858624,-1.10445644608
-8.474735e-05,-0.505767793857,-1.08471036872
-8.146151e-05,-0.492402730105,-1.06497278463
-7.821907e-05,-0.478065735504,-1.04524232318
-7.501426e-05,-0.467407188409,-1.02551994508
-7.187216e-05,-0.459440770327,-1.00580389775
-6.88106e-05,-0.459212716946,-0.986092773981
-6.587803e-05,-0.464623945931,-0.966381793673
-6.310244e-05,-0.474654545503,-0.946667447306
-6.04988e-05,-0.479236669767,-0.926947064386
|Current(A)|,dx/dlnI(V),H(I)
-0.0002563069,-1.71956358309,-2.07736621636
-0.0002533431,-1.75390162143,-2.05744339962
-0.0002504706,-1.65539826213,-2.03751907177
-0.0002474627,-1.58015176199,-2.01759924675
-0.0002443503,-1.53806689855,-1.99768323964
-0.0002411935,-1.48942432671,-1.97776953077
-0.0002379764,-1.46219347968,-1.95785864004
-0.0002347435,-1.41477993539,-1.93794940882
-0.0002314484,-1.39099540689,-1.91804321953
-0.0002281444,-1.35930745067,-1.89813863431
-0.0002248122,-1.33029688902,-1.87823627338
-0.0002214576,-1.31337368793,-1.85833604173
-0.0002181108,-1.27551183869,-1.83843709562
-0.0002147175,-1.25428185056,-1.81854114915
-0.0002113209,-1.22482874289,-1.7986469639
-0.0002078983,-1.20610749024,-1.77875532315
-0.0002044793,-1.17354060599,-1.75886536435
-0.000201024,-1.14484980878,-1.7389784593
-0.0001975427,-1.12475149909,-1.7190943885
-0.0001940611,-1.09387521307,-1.69921238925
-0.0001905452,-1.07138318968,-1.67933372074
-0.0001870212,-1.05252841223,-1.65945759941
-0.000183501,-1.0229901874,-1.63958369721
-0.0001799483,-0.969675982467,-1.61971343601
-0.0001762748,-1.01288773514,-1.59985030804
-0.0001728283,-0.960311142965,-1.57998134084
-0.0001692661,-0.935769983428,-1.56011954763
-0.0001656868,-0.887410168305,-1.54026137897
-0.0001619944,-0.911485700852,-1.52041093948
-0.0001584786,-0.873096957199,-1.50055654958
-0.0001548896,-0.84504281145,-1.48070856193
-0.0001512668,-0.810188767731,-1.46086562085
-0.0001475784,-0.819261103115,-1.4410294364
-0.0001440193,-0.784064787365,-1.42119143789
-0.0001403921,-0.765667712298,-1.40136071155
-0.0001367724,-0.736875551995,-1.38153405244
-0.0001331101,-0.738795139704,-1.36171416632
-0.000129555,-0.713178761833,-1.34189381222
-0.0001259723,-0.69406186186,-1.32207991075
-0.0001223941,-0.66999303151,-1.30227113509
-0.0001187945,-0.666436985597,-1.28246922897
-0.0001152824,-0.648310139589,-1.26266837985
-0.0001117803,-0.634827638562,-1.24287309903
-0.0001083136,-0.615222771978,-1.22308216604
-0.0001048491,-0.61007903174,-1.20329789525
-0.0001014676,-0.597882321078,-1.18351544332
-9.812951e-05,-0.566685055377,-1.16373742934
-9.472663e-05,-0.555651132148,-1.14397163619
-9.137769e-05,-0.539623106573,-1.12421049383
-8.805296e-05,-0.522684858624,-1.10445644608
-8.474735e-05,-0.505767793857,-1.08471036872
-8.146151e-05,-0.492402730105,-1.06497278463
-7.821907e-05,-0.478065735504,-1.04524232318
-7.501426e-05,-0.467407188409,-1.02551994508
-7.187216e-05,-0.459440770327,-1.00580389775
-6.88106e-05,-0.459212716946,-0.986092773981
-6.587803e-05,-0.464623945931,-0.966381793673
-6.310244e-05,-0.474654545503,-0.946667447306
-6.04988e-05,-0.479236669767,-0.926947064386
|Current(A)|,dx/dlnI(V),H(I)
-0.0002563069,-1.71956358309,-2.07736621636
-0.0002533431,-1.75390162143,-2.05744339962
-0.0002504706,-1.65539826213,-2.03751907177
-0.0002474627,-1.58015176199,-2.01759924675
-0.0002443503,-1.53806689855,-1.99768323964
-0.0002411935,-1.48942432671,-1.97776953077
-0.0002379764,-1.46219347968,-1.95785864004
-0.0002347435,-1.41477993539,-1.93794940882
-0.0002314484,-1.39099540689,-1.91804321953
-0.0002281444,-1.35930745067,-1.89813863431
-0.0002248122,-1.33029688902,-1.87823627338
-0.0002214576,-1.31337368793,-1.85833604173
-0.0002181108,-1.27551183869,-1.83843709562
-0.0002147175,-1.25428185056,-1.81854114915
-0.0002113209,-1.22482874289,-1.7986469639
-0.0002078983,-1.20610749024,-1.77875532315
-0.0002044793,-1.17354060599,-1.75886536435
-0.000201024,-1.14484980878,-1.7389784593
-0.0001975427,-1.12475149909,-1.7190943885
-0.0001940611,-1.09387521307,-1.69921238925
-0.0001905452,-1.07138318968,-1.67933372074
-0.0001870212,-1.05252841223,-1.65945759941
-0.000183501,-1.0229901874,-1.63958369721
-0.0001799483,-0.969675982467,-1.61971343601
-0.0001762748,-1.01288773514,-1.59985030804
-0.0001728283,-0.960311142965,-1.57998134084
-0.0001692661,-0.935769983428,-1.56011954763
-0.0001656868,-0.887410168305,-1.54026137897
-0.0001619944,-0.911485700852,-1.52041093948
-0.0001584786,-0.873096957199,-1.50055654958
-0.0001548896,-0.84504281145,-1.48070856193
-0.0001512668,-0.810188767731,-1.46086562085
-0.0001475784,-0.819261103115,-1.4410294364
-0.0001440193,-0.784064787365,-1.42119143789
-0.0001403921,-0.765667712298,-1.40136071155
-0.0001367724,-0.736875551995,-1.38153405244
-0.0001331101,-0.738795139704,-1.36171416632
-0.000129555,-0.713178761833,-1.34189381222
-0.0001259723,-0.69406186186,-1.32207991075
-0.0001223941,-0.66999303151,-1.30227113509
-0.0001187945,-0.666436985597,-1.28246922897
-0.0001152824,-0.648310139589,-1.26266837985
-0.0001117803,-0.634827638562,-1.24287309903
-0.0001083136,-0.615222771978,-1.22308216604
-0.0001048491,-0.61007903174,-1.20329789525
-0.0001014676,-0.597882321078,-1.18351544332
-9.812951e-05,-0.566685055377,-1.16373742934
-9.472663e-05,-0.555651132148,-1.14397163619
-9.137769e-05,-0.539623106573,-1.12421049383
-8.805296e-05,-0.522684858624,-1.10445644608
-8.474735e-05,-0.505767793857,-1.08471036872
-8.146151e-05,-0.492402730105,-1.06497278463
-7.821907e-05,-0.478065735504,-1.04524232318
-7.501426e-05,-0.467407188409,-1.02551994508
-7.187216e-05,-0.459440770327,-1.00580389775
-6.88106e-05,-0.459212716946,-0.986092773981
-6.587803e-05,-0.464623945931,-0.966381793673
-6.310244e-05,-0.474654545503,-0.946667447306
-6.04988e-05,-0.479236669767,-0.926947064386
|Current(A)|,dx/dlnI(V),H(I)
-2.894949e-05,-1.06729939784,-2.09183832311
-2.841206e-05,-1.65564365117,-2.07196267577
-2.807091e-05,-1.62167706488,-2.05204283887
-2.772684e-05,-1.85748660092,-2.032124681
-2.74299e-05,-3.12340262455,-2.01219613321
-2.725482e-05,-1.27448793763,-1.99223862582
-2.683046e-05,-1.3563667467,-1.97234276295
-2.643774e-05,-2.86521838265,-1.95244061371
-2.625384e-05,-1.66427862253,-1.93248693532
-2.594023e-05,-1.68497695032,-1.91256668249
-2.563415e-05,-2.1571359191,-1.89264545005
-2.539758e-05,-1.61137742409,-1.87270697678
-2.50843e-05,-1.78312591987,-1.85278934204
-2.480452e-05,-1.91856949383,-1.83286377397
-2.454729e-05,-2.30413024206,-1.81293295131
-2.433514e-05,-1.42809621109,-1.79299055288
-2.399671e-05,-1.86707147706,-1.77308348885
-2.374103e-05,-2.18457061703,-1.75315457425
-2.352467e-05,-1.47352849162,-1.7332153283
-2.320753e-05,-2.09059321575,-1.71330539885
-2.298657e-05,-1.55459551361,-1.69336888395
-2.269274e-05,-2.25156980778,-1.67345425762
-2.249206e-05,-1.35086233106,-1.65351320383
-2.216151e-05,-1.8646604639,-1.63361145331
-2.192508e-05,-1.99428715246,-1.61368263062
-2.17063e-05,-1.28684041506,-1.59374918148
-2.137155e-05,-2.06902956277,-1.57385231899
-2.116596e-05,-1.90502072904,-1.55391646574
-2.094491e-05,-1.47217323925,-1.53398613507
-2.066229e-05,-1.65696576439,-1.51407628853
-2.041439e-05,-1.3513884718,-1.49415638766
-2.011449e-05,-2.0396591045,-1.47425459889
-1.991822e-05,-1.02336492204,-1.45431966933
-1.953273e-05,-1.43124068365,-1.43444936062
-1.926168e-05,-1.88712406789,-1.41454209242
-1.905862e-05,-1.17890622319,-1.39461242246
-1.873802e-05,-2.04933311363,-1.37472500268
-1.855604e-05,-1.32029987787,-1.35478976595
-1.827707e-05,-1.22955849829,-1.33489028972
-1.798218e-05,-1.4261956287,-1.31499823214
-1.773177e-05,-0.960824374831,-1.29509129196
-1.736649e-05,-1.324677984,-1.27522942493
-1.710626e-05,-1.73864016864,-1.25532961646
-1.691061e-05,-1.13992213713,-1.23540595285
-1.66165e-05,-1.09666646473,-1.21552238319
-1.631621e-05,-1.39147149216,-1.19564340587
-1.608337e-05,-1.49225395612,-1.175738788
-1.586925e-05,-0.874436855478,-1.15582772831
-1.551041e-05,-1.14457764398,-1.13597950773
-1.524174e-05,-1.3486613245,-1.11609546449
-1.501738e-05,-1.07202964798,-1.09619387431
-1.473981e-05,-1.06394659295,-1.07631767827
-1.446532e-05,-0.912320155398,-1.0564424228
-1.415166e-05,-1.1262392216,-1.03658789971
-1.390257e-05,-1.09111950396,-1.01670574458
-1.365006e-05,-0.73606348752,-0.996827382515
-1.328416e-05,-1.03555301393,-0.977007695111
-1.303006e-05,-1.11334793783,-0.957135859982
-1.279808e-05,-0.758655684747,-0.937255069362
-1.24651e-05,-1.16876007507,-0.917430012384
-1.225361e-05,-0.722452890094,-0.897543569924
-1.191904e-05,-0.916433895581,-0.877727279505
-1.166174e-05,-0.751016766161,-0.857872103391
-1.135528e-05,-0.751569385093,-0.838048825835
-1.105709e-05,-0.687801895282,-0.818225418337
-1.07402e-05,-0.781832319492,-0.798418383083
-1.046894e-05,-0.770842149163,-0.778588140095
-1.020081e-05,-0.593386727131,-0.758760317392
-9.862723e-06,-0.675702511018,-0.738983985217
-9.575076e-06,-0.662514932767,-0.719180405262
-9.290343e-06,-0.632524084977,-0.699380735114
-9.001184e-06,-0.640818698362,-0.679590563516
-8.724595e-06,-0.621246159723,-0.659797675947
-8.448194e-06,-0.638150939275,-0.640011313514
-8.187529e-06,-0.538304972473,-0.620219291768
-7.888914e-06,-0.513623064359,-0.600465846277
-7.587631e-06,-0.537698348394,-0.580724248844
-7.310589e-06,-0.45640746181,-0.560971081512
-6.997153e-06,-0.521150206896,-0.54126187763
-6.733713e-06,-0.422508036384,-0.521516548004
-6.42239e-06,-0.422489755342,-0.5018306758
-6.125448e-06,-0.411511782535,-0.482144817188
-5.834862e-06,-0.394632280396,-0.462467338981
-5.546519e-06,-0.32344691616,-0.442803655914
-5.213944e-06,-0.301282081833,-0.423213990691
-4.879065e-06,-0.291119073899,-0.403654513132
-4.555126e-06,-0.262105893404,-0.384110414274
-4.220477e-06,-0.222218671449,-0.364616780294
-3.85722e-06,-0.190436626148,-0.345214036669
-3.472674e-06,-0.166688972672,-0.325910969401
-3.080035e-06,-0.136814484942,-0.306707191947
-2.661148e-06,-0.113814381888,-0.287677275767
-2.232301e-06,-0.0920907921064,-0.268843398325
-1.796528e-06,-0.0747093676916,-0.250284601241
-1.374585e-06,-0.0582580402358,-0.232061105611
-9.751652e-07,-0.0417687892251,-0.214339272154
-6.041246e-07,-0.0283866031374,-0.197516800654
-2.986352e-07,-0.0175882689184,-0.182192299075
-9.578453e-08,-0.0126354930006,-0.169738324142
-1.967322e-08,-0.00247259655246,-0.160242189575
|Current(A)|,dx/dlnI(V),H(I)
-2.985539e-05,-0.0253140827986,-0.191633846994
-1.354871e-05,-0.0243499842563,-0.176876838384
-5.959196e-06,-0.0222087001635,-0.162327417602
-2.421501e-06,-0.0175683783407,-0.148303522335
-7.756752e-07,-0.0041601333954,-0.135858090866
-6.335671e-09,0.00497088381827,-0.147761278946
|Current(A)|,dx/dlnI(V),H(I)
-0.000300204,-0.0261842175262,-0.236317141092
-0.0001398602,-0.0260287033068,-0.221385901235
-6.486193e-05,-0.025776668293,-0.2064849458
-2.985539e-05,-0.0253140827986,-0.191633846994
-1.354871e-05,-0.0243499842563,-0.176876838384
-5.959196e-06,-0.0222087001635,-0.162327417602
-2.421501e-06,-0.0175683783407,-0.148303522335
-7.756752e-07,-0.0041601333954,-0.135858090866
-6.335671e-09,0.00497088381827,-0.147761278946
|Current(A)|,dx/dlnI(V),H(I)
-0.002869279,-0.0268886381663,-0.281337169831
-0.001363769,-0.0265234438189,-0.266273140085
-0.0006415952,-0.0263332757505,-0.25127707242
-0.000300204,-0.0261842175262,-0.236317141092
-0.0001398602,-0.0260287033068,-0.221385901235
-6.486193e-05,-0.025776668293,-0.2064849458
-2.985539e-05,-0.0253140827986,-0.191633846994
|Current(A)|,dx/dlnI(V),H(I)
-0.005931929,-0.0275372598341,-0.296517463043
-0.002869279,-0.0268886381663,-0.281337169831
-0.001363769,-0.0265234438189,-0.266273140085
-0.0006415952,-0.0263332757505,-0.25127707242
-0.000300204,-0.0261842175262,-0.236317141092
-0.0001398602,-0.0260287033068,-0.221385901235
-6.486193e-05,-0.025776668293,-0.2064849458
-2.985539e-05,-0.0253140827986,-0.191633846994
|Current(A)|,dx/dlnI(V),H(I)
-0.005931929,-0.0275372598341,-0.296517463043
-0.002869279,-0.0268886381663,-0.281337169831
-0.001363769,-0.0265234438189,-0.266273140085
-0.0006415952,-0.0263332757505,-0.25127707242
-0.000300204,-0.0261842175262,-0.236317141092
-0.0001398602,-0.0260287033068,-0.221385901235
-6.486193e-05,-0.025776668293,-0.2064849458
-2.985539e-05,-0.0253140827986,-0.191633846994
